5 0.6286057692307693 0.2824519230769231 0.21634615384615385 0.09615384615384616
5 0.4543269230769231 0.2692307692307692 0.21875 0.09615384615384616
5 0.3701923076923077 0.24639423076923078 0.1658653846153846 0.08173076923076923
5 0.33533653846153844 0.35697115384615385 0.15144230769230768 0.07692307692307693
5 0.35096153846153844 0.5204326923076923 0.14903846153846154 0.06490384615384616
5 0.33052884615384615 0.6081730769230769 0.14423076923076922 0.0673076923076923
5 0.29447115384615385 0.6490384615384616 0.1346153846153846 0.052884615384615384
5 0.36658653846153844 0.7211538461538461 0.14903846153846154 0.07692307692307693
5 0.31490384615384615 0.7091346153846154 0.12980769230769232 0.0673076923076923
5 0.375 0.7596153846153846 0.08173076923076923 0.04326923076923077
6 0.6610576923076923 0.16826923076923078 0.3605769230769231 0.09134615384615384
5 0.49158653846153844 0.14543269230769232 0.11057692307692307 0.04326923076923077
6 0.21033653846153846 0.7872596153846154 0.30528846153846156 0.25721153846153844