3 0.59375 0.06370192307692307 0.08413461538461539 0.09615384615384616
6 0.5649038461538461 0.2848557692307692 0.0673076923076923 0.09134615384615384
3 0.4855769230769231 0.1310096153846154 0.06971153846153846 0.08653846153846154
6 0.5132211538461539 0.21995192307692307 0.11057692307692307 0.20673076923076922
6 0.6213942307692307 0.4651442307692308 0.13942307692307693 0.06009615384615385
3 0.6538461538461539 0.5528846153846154 0.057692307692307696 0.1346153846153846
3 0.6021634615384616 0.5504807692307693 0.052884615384615384 0.10576923076923077
3 0.6262019230769231 0.6298076923076923 0.036057692307692304 0.04807692307692308
3 0.6009615384615384 0.7884615384615384 0.32211538461538464 0.41346153846153844
6 0.6814903846153846 0.8774038461538461 0.43509615384615385 0.2403846153846154
6 0.38341346153846156 0.5637019230769231 0.43990384615384615 0.6586538461538461
3 0.3786057692307692 0.06129807692307692 0.038461538461538464 0.07211538461538461
6 0.32572115384615385 0.23677884615384615 0.026442307692307692 0.05048076923076923
6 0.125 0.7007211538461539 0.24519230769230768 0.4543269230769231
6 0.25721153846153844 0.8834134615384616 0.18269230769230768 0.22355769230769232