5 0.48677884615384615 0.265625 0.12740384615384615 0.04807692307692308
5 0.4987980769230769 0.3076923076923077 0.13701923076923078 0.04807692307692308
5 0.49158653846153844 0.34975961538461536 0.14423076923076922 0.04807692307692308
5 0.46634615384615385 0.39663461538461536 0.125 0.04807692307692308
5 0.4795673076923077 0.43990384615384615 0.13942307692307693 0.04807692307692308
5 0.4963942307692308 0.4795673076923077 0.13221153846153846 0.038461538461538464
5 0.49759615384615385 0.5204326923076923 0.14423076923076922 0.04326923076923077
5 0.47115384615384615 0.5637019230769231 0.14423076923076922 0.04326923076923077
5 0.44350961538461536 0.671875 0.1346153846153846 0.06490384615384616
5 0.3786057692307692 0.5204326923076923 0.052884615384615384 0.11538461538461539
5 0.38461538461538464 0.30288461538461536 0.057692307692307696 0.11538461538461539
5 0.38100961538461536 0.41346153846153844 0.052884615384615384 0.10096153846153846
6 0.47115384615384615 0.6033653846153846 0.19230769230769232 0.04567307692307692