3 0.40625 0.06370192307692307 0.08413461538461539 0.09615384615384616
6 0.43509615384615385 0.2848557692307692 0.0673076923076923 0.09134615384615384
3 0.5144230769230769 0.1310096153846154 0.06971153846153846 0.08653846153846154
6 0.48677884615384615 0.21995192307692307 0.11057692307692307 0.20673076923076922
6 0.3786057692307692 0.4651442307692308 0.13942307692307693 0.06009615384615385
3 0.34615384615384615 0.5528846153846154 0.057692307692307696 0.1346153846153846
3 0.39783653846153844 0.5504807692307693 0.052884615384615384 0.10576923076923077
3 0.3737980769230769 0.6298076923076923 0.036057692307692304 0.04807692307692308
3 0.39903846153846156 0.7884615384615384 0.32211538461538464 0.41346153846153844
6 0.32091346153846156 0.8774038461538461 0.43509615384615385 0.2403846153846154
6 0.6165865384615384 0.5637019230769231 0.43990384615384615 0.6586538461538461
3 0.6213942307692307 0.06129807692307692 0.038461538461538464 0.07211538461538461
6 0.6742788461538461 0.23677884615384615 0.026442307692307692 0.05048076923076923
6 0.875 0.7007211538461539 0.24519230769230768 0.4543269230769231
6 0.7427884615384616 0.8834134615384616 0.18269230769230768 0.22355769230769232