3 0.9362980769230769 0.59375 0.09615384615384616 0.08413461538461539
6 0.7151442307692307 0.5649038461538461 0.09134615384615384 0.0673076923076923
3 0.8689903846153846 0.4855769230769231 0.08653846153846154 0.06971153846153846
6 0.7800480769230769 0.5132211538461539 0.20673076923076922 0.11057692307692307
6 0.5348557692307693 0.6213942307692307 0.06009615384615385 0.13942307692307693
3 0.44711538461538464 0.6538461538461539 0.1346153846153846 0.057692307692307696
3 0.4495192307692308 0.6021634615384616 0.10576923076923077 0.052884615384615384
3 0.3701923076923077 0.6262019230769231 0.04807692307692308 0.036057692307692304
3 0.21153846153846154 0.6009615384615384 0.41346153846153844 0.32211538461538464
6 0.12139423076923077 0.6802884615384616 0.2403846153846154 0.4326923076923077
6 0.4362980769230769 0.38341346153846156 0.6586538461538461 0.43990384615384615
3 0.9387019230769231 0.3786057692307692 0.07211538461538461 0.038461538461538464
6 0.7632211538461539 0.32572115384615385 0.05048076923076923 0.026442307692307692
6 0.29927884615384615 0.125 0.4543269230769231 0.24519230769230768
6 0.11658653846153846 0.25721153846153844 0.22115384615384615 0.18269230769230768