5 0.3713942307692308 0.7175480769230769 0.21634615384615385 0.09615384615384616
5 0.5456730769230769 0.7307692307692307 0.21875 0.09615384615384616
5 0.6298076923076923 0.7536057692307693 0.1658653846153846 0.08173076923076923
5 0.6646634615384616 0.6430288461538461 0.15144230769230768 0.07692307692307693
5 0.6490384615384616 0.4795673076923077 0.14903846153846154 0.06490384615384616
5 0.6694711538461539 0.3918269230769231 0.14423076923076922 0.0673076923076923
5 0.7055288461538461 0.35096153846153844 0.1346153846153846 0.052884615384615384
5 0.6334134615384616 0.27884615384615385 0.14903846153846154 0.07692307692307693
5 0.6850961538461539 0.29086538461538464 0.12980769230769232 0.0673076923076923
5 0.625 0.2403846153846154 0.08173076923076923 0.04326923076923077
6 0.3389423076923077 0.8317307692307693 0.3605769230769231 0.09134615384615384
5 0.5084134615384616 0.8545673076923077 0.11057692307692307 0.04326923076923077
6 0.7896634615384616 0.2127403846153846 0.30528846153846156 0.2548076923076923