5 0.5132211538461539 0.734375 0.12740384615384615 0.04807692307692308
5 0.5012019230769231 0.6923076923076923 0.13701923076923078 0.04807692307692308
5 0.5084134615384616 0.6502403846153846 0.14423076923076922 0.04807692307692308
5 0.5336538461538461 0.6033653846153846 0.125 0.04807692307692308
5 0.5204326923076923 0.5600961538461539 0.13942307692307693 0.04807692307692308
5 0.5036057692307693 0.5204326923076923 0.13221153846153846 0.038461538461538464
5 0.5024038461538461 0.4795673076923077 0.14423076923076922 0.04326923076923077
5 0.5288461538461539 0.4362980769230769 0.14423076923076922 0.04326923076923077
5 0.5564903846153846 0.328125 0.1346153846153846 0.06490384615384616
5 0.6213942307692307 0.4795673076923077 0.052884615384615384 0.11538461538461539
5 0.6153846153846154 0.6971153846153846 0.057692307692307696 0.11538461538461539
5 0.6189903846153846 0.5865384615384616 0.052884615384615384 0.10096153846153846
6 0.5288461538461539 0.39663461538461536 0.19230769230769232 0.04567307692307692